Linter 2012-09-21 17:24:23
<-5->
bbb 2012-09-22 12:34:57
hello，你好呀
aaa 2013-01-10 20:33:55
啊啊啊
aaa 2013-01-10 20:33:55
啊啊啊
 
aaa 2013-01-10 20:34:30

aaa 2013-01-10 20:33:55
啊啊啊
 
aaa 2013-01-10 20:34:30
<-7->
aaa 2013-01-10 20:33:55
啊啊啊
 
aaa 2013-01-10 20:34:30
<-7->
 

aaa 2013-01-10 20:34:30
<-7->
aaa 2013-01-10 20:40:56
是打发士大夫
bbb 2013-03-24 11:30:32
阿三打算打算的
bbb 2013-03-26 12:08:02
asfasf
bbb 2013-03-26 12:08:16
说打法是否
aaa 2013-03-26 12:11:23
<-9->
aaa 2013-03-26 12:11:23
fdgdfg
aaa 2013-03-26 12:11:23
<-9->
aaa 2013-05-28 22:40:14
hello
bbb 2013-05-28 22:42:47
hello<-9->
bbb 2013-05-28 22:42:47
hello<-9-> 

 
aaa 2013-05-28 22:42:58

bbb 2013-05-28 22:42:47
hello<-9-> 

 
aaa 2013-05-28 22:42:58
<-2->
bbb 2013-05-28 22:42:47
hello<-9-> 

 
aaa 2013-05-28 22:42:58
<-2-> 干啥？
 

aaa 2013-05-28 22:42:58
<-2-> 干啥？
bbb 2014-12-17 16:53:42
<-8->
bbb 2014-12-17 16:57:12
你则么
bbb 2014-12-17 16:57:42
<-4->
aaa 2014-12-24 13:28:40
hello<-8->
bbb 2014-12-24 13:28:52
nimeia
bbb 2014-12-24 13:29:03
我擦擦擦
aaa 2014-12-24 13:28:40
hello<-8->
 
bbb 2014-12-24 13:28:52
nimeia
 
bbb 2014-12-24 13:29:03
我擦擦擦
 
aaa 2014-12-24 13:29:08
nichachacha
 

aaa 2014-12-24 13:29:08
nichachacha
